ARI-008 0.0991853 0.336451 0.70520
ARI-014 0.256631 0.337849 0.24043
ARI-1 0.207815 0.337483 0.38423
ARI-15 0.172689 0.337596 0.48847
ARI-9 0.176258 0.339099 0.48020
ARI_018 0.326635 0.336887 0.03044
Ari_006 0.158705 0.335097 0.52638
Ari_021 0.151088 0.337591 0.55248
Ari_023 0.134806 0.335034 0.59763
CD5J-106 0.128492 0.334198 0.61554
CD5J-108 0.0653319 0.331612 0.80300
CD5J-471 0.0840939 0.33103 0.74596
CDSJ_167 0.133309 0.334868 0.60193
CDSJ_297 0.0926232 0.337711 0.72572
Cdsj_283 0.105032 0.335783 0.68720
L19_CDSJ_321 0.200829 0.335795 0.40190
L20_CDSJ_344 0.156089 0.33679 0.53654
L21_CDSJ_472 0.130909 0.33398 0.60805
