# Position (bp)	A	C	G	T	N
0.0	25.336304534489102	25.602077114936417	22.91164083902359	26.149977511550887	0.0
1.0	27.378664595003478	23.527006582982377	22.948440119393222	26.14588870262093	0.0
2.0	25.595651640851692	23.81789202664596	23.685070906044384	26.90138542645797	0.0
3.0	26.322880940715336	23.005471174260983	22.98709782786216	27.684550057161523	0.0
4.0	25.149003919007185	22.95476812540823	23.20378837361202	28.692439581972568	0.0
5.0	24.904589889589584	27.000551031653707	20.971856568501398	27.12300251025531	0.0
6.0	26.49891841149341	20.88486184237378	25.386718909432265	27.22950083670054	0.0
7.0	26.722308382989148	22.55122030854624	25.657089217206757	25.069382091257857	0.0
8.0	24.837268145366988	21.941763421552025	22.449854102475157	30.77111433060583	0.0
9.0	31.013303950375448	23.061540972902385	21.761753183153772	24.1634018935684	0.0
10.0	27.950297886231944	18.968823961478822	23.992083571370276	29.088794580918957	0.0
11.0	27.63200848771729	22.886231943197586	21.576348649310372	27.90541091977475	0.0
12.0	26.822002774830654	25.293805598628904	19.695176691422507	28.189014935117928	0.0
13.0	25.22443483228597	23.402432057455318	22.12519383008243	29.247939280176283	0.0
14.0	27.386611715259217	20.3864280905066	21.979882888213332	30.247077306020852	0.0
15.0	27.826175660512085	23.584616953993674	21.99326736713251	26.595940018361723	0.0
16.0	28.894918296986884	19.612803198759664	23.905016422203634	27.58726208204982	0.0
17.0	25.867520757257388	21.424345661886207	23.04208572186295	29.66604785899345	0.0
18.0	26.11232379281503	22.48107876537669	23.19712764438279	28.20946979742549	0.0
19.0	23.465453581118297	22.212929152812062	24.88117337467616	29.440443891393485	0.0
20.0	26.508137210914875	20.657095076885426	23.8915854305176	28.943182281682102	0.0
21.0	24.39074130722953	27.209136331192006	20.365045375752015	28.03507698582645	0.0
22.0	28.466840688473777	23.82331348397096	18.58022677216739	29.129619055387877	0.0
23.0	29.005485429963905	22.151756765023755	20.999612553273924	27.84314525173841	0.0
24.0	26.792414355628058	23.311582381729202	18.403344208809138	31.492659053833606	0.0
25.0	24.32355280060355	24.44385539220684	21.78088616112391	29.451705646065697	0.0
26.0	28.075684051706563	22.11189495575582	22.283162745177997	27.52925824735962	0.0
27.0	26.84826489418097	27.37634057823268	20.961954083921217	24.81344044366513	0.0
28.0	30.154749525964892	21.68124452056191	19.038881073256263	29.125124880216934	0.0
29.0	24.182926580626745	27.77539910697902	21.589495789752686	26.45217852264155	0.0
30.0	31.46970067694315	21.80898784764701	20.234891118179593	26.486420357230244	0.0
31.0	24.427543176396224	26.299369940664313	20.806231266439653	28.46685561649981	0.0
32.0	34.646520258559164	18.786321649232274	21.186354274994393	25.380803817214172	0.0
33.0	23.871770295899015	26.227134612639436	21.75296204906499	28.148133042396555	0.0
34.0	34.708114061926324	20.5034063558112	18.688043079182474	26.100436503079997	0.0
35.0	25.232539164490863	25.383485639686683	22.974461488250654	26.4095137075718	0.0
36.0	26.55950389620986	28.93802782424218	19.964505732120273	24.537962547427686	0.0
37.0	27.85768202868393	19.80537364587796	19.191300977211988	33.14564334822613	0.0
38.0	28.846271549525653	18.38416811180251	23.292869529735796	29.47669080893604	0.0
39.0	26.365936263108498	22.005957481535887	22.042681682784508	29.5854245725711	0.0
40.0	28.633219758023383	20.68838879480954	24.185420194642237	26.49297125252484	0.0
41.0	27.340434214822068	25.24893894874306	21.91478942213516	25.495837414299704	0.0
42.0	29.712688242256053	23.042076480430968	21.668775252009958	25.57646002530302	0.0
43.0	27.303893559709415	23.29605746469676	22.987919353522162	26.412129622071667	0.0
44.0	25.191338245198686	23.050390840255524	25.91995428291528	25.83831663163051	0.0
45.0	26.54310907903331	25.642962116263877	23.314010450685828	24.499918354016984	0.0
46.0	26.405388854868338	22.300469483568076	22.618901816697285	28.6752398448663	0.0
47.0	23.359869361094102	22.69034496836089	24.925494998979385	29.024290671565627	0.0
48.0	26.102310769984488	22.154405160447457	24.46109251245203	27.282191557116032	0.0
49.0	23.802523582016416	22.642819224958146	24.41504348891339	29.13961370411205	0.0
50.0	27.600922957548036	21.26273660996876	22.106058440365096	29.030281992118105	0.0
51.0	28.524168351405994	26.43100737201086	23.169760460699624	21.875063815883518	0.0
52.0	29.86153657639995	22.666748356002124	21.56802679410203	25.903688273495895	0.0
53.0	29.525774038068786	21.164529041744956	26.015031451678784	23.294665468507475	0.0
54.0	25.22723094834453	24.982127902939194	24.54298494658796	25.24765620212831	0.0
55.0	28.632417526299665	27.08814217138188	20.831375753242774	23.44806454907568	0.0
56.0	28.156986127852573	23.139313951825443	23.511144707540808	25.19255521278117	0.0
57.0	28.63856480251732	20.57579534541591	26.229541693058987	24.556098159007785	0.0
58.0	28.096454480433223	22.22131398794319	24.04414018596097	25.638091345662612	0.0
59.0	26.966154349247873	20.777468933943755	24.979561805101376	27.276814911707	0.0
60.0	25.463984956258688	23.115444362684983	23.26465538386068	28.155915297195648	0.0
61.0	25.785944973631498	23.506806753607783	23.45979314010057	27.247455132660154	0.0
62.0	26.27103052108674	22.390988817793406	24.611075904082426	26.726904757037428	0.0
63.0	28.086924523673236	22.276964592362418	23.42587292501431	26.21023795895004	0.0
64.0	29.55223880597015	24.309957063995093	20.03680228992026	26.101001840114495	0.0
65.0	29.767527448935777	22.547997301110225	21.736285755177985	25.948189494776013	0.0
66.0	28.474153443481104	22.76500899721904	20.170129232782593	28.590708326517255	0.0
67.0	27.858326005603157	25.3512198114558	21.179525981063783	25.610928201877265	0.0
68.0	28.645929198110316	22.774403337628073	24.021923635396856	24.557743828864755	0.0
69.0	28.64771959977902	22.253596055081537	24.082826918748594	25.01585742639085	0.0
70.0	29.080118694362017	24.334390668167398	22.545789419830147	24.039701217640438	0.0
71.0	28.340976089092695	20.56788404847691	25.092122502456597	25.9990173599738	0.0
72.0	24.616581690112007	23.091098961852694	24.309437516636976	27.982881831398327	0.0
73.0	27.006880733944953	23.2245249017038	19.937745740498034	29.830848623853214	0.0
74.0	26.793102035800597	23.890959734567648	22.647769630934338	26.668168598697417	0.0
75.0	25.745596067185577	23.838590741499385	21.7206063088898	28.695206882425232	0.0
76.0	24.721909249206185	27.358393936290078	21.57328689951859	26.34640991498515	0.0
77.0	26.527265272652727	25.172201722017217	23.32718327183272	24.973349733497336	0.0
78.0	29.438179208529835	23.467295468525734	17.71990978060283	29.374615542341605	0.0
79.0	27.359419219884334	23.670070956892662	21.74849267872524	27.222017144497762	0.0
80.0	24.231920915542066	24.254481315886622	21.67439189466344	29.839205873907872	0.0
81.0	27.677729006850722	24.184682282479386	22.227919760429913	25.90966895023998	0.0
82.0	24.863068496522864	27.425277452971464	22.177775042566722	25.533879007938946	0.0
83.0	28.781878988079363	21.19042245429738	22.11986294343339	27.907835614189867	0.0
84.0	26.998522652659222	19.254760341431385	27.548424162836504	26.198292843072885	0.0
85.0	26.600176486281267	21.777586242278726	25.126721254283897	26.495516017156106	0.0
86.0	25.897951644021184	22.191207257501745	23.43705102417799	28.47379007429908	0.0
87.0	27.630660590384693	19.372254382723654	26.093114915630007	26.90397011126165	0.0
88.0	27.705352193639783	24.30967582992876	24.168018230717117	23.816953745714343	0.0
89.0	28.697848226018397	18.75821287779238	22.45400788436268	30.089931011826543	0.0
90.0	27.28747433264887	21.802874743326488	25.088295687885008	25.82135523613963	0.0
91.0	28.57377554163672	22.90173529109765	21.182872984906048	27.341616182359584	0.0
92.0	27.238001355430963	23.401720986589446	20.768899020393075	28.591378637586512	0.0
93.0	28.780347533171753	21.706445384710182	23.941174054142873	25.572033027975188	0.0
94.0	28.850499157799597	22.310094079947415	23.480958054311653	25.358448707941335	0.0
95.0	26.23425718570871	25.426828015532227	23.472972695334168	24.865942103424896	0.0
96.0	25.613414984998563	23.098105297768278	20.07315770005343	31.21532201717973	0.0
97.0	25.59912854030501	23.075183951987505	22.58190487935216	28.743782628355323	0.0
98.0	27.927724217320698	22.046580467449175	23.83291878224762	26.19277653298251	0.0
99.0	31.7350987930999	24.296317618274156	19.886094948290395	24.082488640335548	0.0
100.0	28.487104602854675	20.82390687343178	22.94228949858089	27.746699025132653	0.0
101.0	26.216727691611467	22.143826881145348	24.50528654297116	27.13415888427202	0.0
102.0	28.315743998025056	28.0009874714559	19.61570902507766	24.06755950544138	0.0
103.0	25.926383145073352	26.539514021768202	21.031623562331543	26.502479270826907	0.0
104.0	28.09490493044695	22.6253189562927	23.28380936702609	25.995966746234256	0.0
105.0	26.198806338752828	24.624408314467995	22.066268779584277	27.1105165671949	0.0
106.0	25.939571069855518	22.95723047791545	23.77228008068168	27.33091837154736	0.0
107.0	30.95610639874825	24.866178044964176	19.367125092645967	24.810590463641606	0.0
108.0	27.068876763100995	22.050859672603725	24.15731493874189	26.722948625553382	0.0
109.0	27.787504892166353	25.391888273219763	22.215584897110016	24.605021937503864	0.0
110.0	30.543708923089604	21.0705235181408	21.94614417866782	26.43962338010178	0.0
111.0	28.670348693430054	22.875278212843128	24.626988706619404	23.82738438710741	0.0
112.0	24.682043988209344	24.87168387854802	23.197905715993652	27.248366417248988	0.0
113.0	24.46139573239872	24.319142356458098	22.960519534068652	28.25894237707453	0.0
114.0	26.555023923444978	23.23667711598746	22.052879062860914	28.15541989770665	0.0
115.0	23.71482795610199	24.205792557141677	23.436339631982836	28.643039854773495	0.0
116.0	27.119273627734213	21.531159719356168	24.436648782501035	26.912917870408588	0.0
117.0	27.031491997934953	24.98502839442437	23.741868869385648	24.241610738255034	0.0
118.0	26.738012106687602	22.750655951077412	23.401442059376485	27.1098898828585	0.0
119.0	27.919809858427197	25.04701870414385	21.41159450242844	25.62157693500052	0.0
120.0	27.599966918909978	25.298763594260432	24.51102013811355	22.59024934871604	0.0
121.0	27.244338744700652	24.245682969703235	22.90559404404922	25.60438424154689	0.0
122.0	28.45441006122787	23.208671189806388	19.590848916101276	28.746069832864475	0.0
123.0	24.223114163942565	22.754168908015064	25.69619729383043	27.326519634211945	0.0
124.0	27.160596026490065	22.406870860927153	26.1692880794702	24.263245033112582	0.0
125.0	31.001718177489806	22.270064379903534	22.131368124702426	24.596849317904237	0.0
126.0	28.873151944340915	24.514432434670972	21.317347910713547	25.295067710274566	0.0
127.0	26.442994718856788	23.80656518587553	24.885575230402818	24.864864864864867	0.0
128.0	27.877682936935443	24.272810143366204	20.512554901798293	27.336952017900057	0.0
129.0	27.325858531429397	22.716627634660423	25.0606205052745	24.896893328635674	0.0
130.0	31.493614198042792	19.27973129872284	23.82028528777575	25.406369215458618	0.0
131.0	28.117222498755602	26.659200265472045	18.863033018085282	26.360544217687078	0.0
132.0	29.53074433656958	21.931789892954942	22.77196913119243	25.765496639283047	0.0
133.0	26.49262249154336	20.441197833440555	23.84668064000664	29.219499035009445	0.0
134.0	25.146356653518787	22.970728669296243	25.92900145318663	25.953913223998338	0.0
135.0	25.044128335583014	20.64375454262278	25.804174021389265	28.507943100404944	0.0
136.0	26.857237826159214	22.60054844606947	22.982798736912084	27.55941499085923	0.0
137.0	28.27126111896251	23.462050045722837	21.392052539695737	26.87463629561892	0.0
138.0	29.258504532978456	24.469766281294188	21.6979955086085	24.573733677118856	0.0
139.0	30.39127992844216	20.48759178748986	22.590643396501154	26.530484887566825	0.0
140.0	29.874534445808454	22.52554045900002	25.455150745927053	22.144774349264477	0.0
141.0	26.39137493235649	24.859509636598258	23.544103567414563	25.205011863630688	0.0
142.0	26.022119009434945	25.35563284943661	23.389498677441527	25.232749463686915	0.0
143.0	28.748254808393593	24.897372314488734	22.396799266498572	23.9575736106191	0.0
144.0	29.64792695891439	24.128155420757512	21.528776603506138	24.69514101682196	0.0
145.0	26.3169968717414	25.29718456725756	23.140771637122	25.245046923879038	0.0
146.0	26.8388873818417	24.432944515159736	20.48911796006093	28.23905014293763	0.0
147.0	28.072226281181507	22.417284208328986	22.876526458616013	26.6339630518735	0.0
148.0	28.97116247990144	24.18300653594771	22.98648959051139	23.859341393639458	0.0
149.0	28.650229837024654	23.201002925198498	20.829502716255746	27.319264521521102	0.0
150.0	29.820013796851807	25.064280786838637	20.567761356272342	24.54794406003721	0.0
151.0	29.221471738357625	24.86982706342402	19.44334079170239	26.465360406515963	0.0
152.0	28.13545850066934	24.679969879518072	22.674029451137883	24.510542168674696	0.0
153.0	28.273697426239796	19.79912115505336	24.938271604938272	26.98890981376857	0.0
154.0	27.173548873439984	20.13778373398107	28.570232012731385	24.118435379847558	0.0
155.0	30.92219684428892	22.974247218322404	21.35657858894034	24.746977348448336	0.0
156.0	31.624182458494047	22.821985577729333	22.191011235955056	23.362820727821568	0.0
157.0	30.705028729606177	18.808455311831565	24.225139453927778	26.26137650463448	0.0
158.0	26.042431746164986	21.965038927244873	25.452752187690177	26.539777138899968	0.0
159.0	29.987608426270135	17.843866171003718	24.980572532711655	27.18795287001449	0.0
160.0	27.155562096587683	22.252591299960052	25.22969535142863	25.36215125202363	0.0
161.0	30.580685882600463	21.651588470439723	22.247001893540922	25.520723753418896	0.0
162.0	33.78907895845622	21.23746523974046	20.780315159686523	24.193140642116795	0.0
163.0	25.625184497954706	24.91460380382069	23.984734112090415	25.475477586134186	0.0
164.0	30.469096203760365	22.815421300301757	21.253877482116103	25.461605013821774	0.0
165.0	28.80016899028306	21.719476130122516	23.825517532741866	25.654837346852556	0.0
166.0	30.221348385869216	24.92759138284603	21.00167015496501	23.84939007631974	0.0
167.0	31.971392903239458	23.39349569412412	21.721927170394196	22.91318423224223	0.0
168.0	28.05549671679729	23.024782884981995	24.674857021817413	24.244863376403305	0.0
169.0	27.83937922700193	20.287489134352406	26.823838700786567	25.049292937859096	0.0
170.0	27.100046691285705	23.37747782163929	25.480708009677834	24.041767477397173	0.0
171.0	29.255703300904884	22.88542418964272	20.44479374654828	27.414078762904115	0.0
172.0	26.80712645633132	23.815800663321713	21.677013351475466	27.700059528871503	0.0
173.0	30.313863176933715	24.874986700712842	21.764017448664752	23.04713267368869	0.0
174.0	26.087512249158536	24.13616803715223	22.201866132674365	27.57445358101487	0.0
175.0	27.900776384267555	23.342718198105963	19.582373517617953	29.174131900008533	0.0
176.0	31.455108359133128	20.668303619088288	23.157894736842106	24.71869328493648	0.0
177.0	30.95360273679709	19.356425058798372	21.802437459910198	27.887534744494335	0.0
178.0	28.71730102324785	18.514792139401465	24.677826775698932	28.09008006165175	0.0
179.0	28.795250444734982	19.34329253916883	23.383415135992454	28.47804188010374	0.0
180.0	30.906086359344147	20.435230491887715	19.85148939823161	28.807193750536523	0.0
181.0	27.68929868678402	21.338147742171213	24.85868420487029	26.11386936617448	0.0
182.0	29.212684880191176	22.898232470020883	22.829339705914013	25.059742943873925	0.0
183.0	31.807790191088298	19.238234913514212	22.689039382306	26.26493551309149	0.0
184.0	31.239190591490836	23.510463507436874	21.506399169837426	23.743946731234868	0.0
185.0	31.297941495124594	19.852654387865655	21.90899241603467	26.94041170097508	0.0
186.0	26.30675646317619	21.294807734086465	24.223332609167933	28.175103193569413	0.0
187.0	27.244413468658795	21.518491092041643	22.999520843315764	28.237574595983794	0.0
188.0	27.73303651323687	21.70060455269648	23.933302778323405	26.63305615574325	0.0
189.0	31.085986703988805	22.137421273617917	22.154916025192442	24.62167599720084	0.0
190.0	27.955646133280737	19.694081037845418	22.054215151315933	30.296057677557908	0.0
191.0	29.059397241015727	19.765398471136102	24.36517002020912	26.81003426763905	0.0
192.0	30.423775454045128	20.156301596037423	21.560814529444137	27.859108420473305	0.0
193.0	27.17801567155943	21.812162013022846	24.204833903542657	26.80498841187507	0.0
194.0	32.56431241566944	19.332433807427723	21.358579043995665	26.744674732907164	0.0
195.0	28.44917414920741	19.425784281121828	20.93781177253076	31.18722979714001	0.0
196.0	26.58098372320555	20.695099172818644	23.236680601263007	29.4872365027128	0.0
197.0	28.08457489517352	21.362298153269695	20.24712284771166	30.306004103845126	0.0
198.0	26.950592443550192	24.674714956405097	22.12161860049184	26.25307399955287	0.0
199.0	29.969508093807452	21.247926101968524	20.97887987085781	27.803685933366218	0.0
200.0	29.17800517260767	20.238389744743056	21.88912627909592	28.69447880355336	0.0
201.0	29.674393433751238	21.42599440786507	19.579236944168844	29.320375214214845	0.0
202.0	28.509724106739032	18.236092265943014	20.879692446856627	32.37449118046133	0.0
203.0	26.381607317128523	23.757971902589592	22.766165089308004	27.094255690973878	0.0
204.0	31.809176818854606	18.69748377547535	23.021746555846523	26.471592849823523	0.0
205.0	29.831932773109244	23.657289002557544	19.320880526123492	27.18989769820972	0.0
206.0	33.84643577056991	20.686732636980025	19.621586952538024	25.84524463991204	0.0
207.0	31.957056484057105	20.68553300075864	21.961424400560933	25.395986114623327	0.0
208.0	31.23039306145045	18.963369625392136	21.290828566156115	28.515408747001292	0.0
209.0	27.054818314458416	23.02508163690683	20.24132101252924	29.678779036105514	0.0
210.0	28.22815138756426	18.48147200446626	24.18060434064528	29.109772267324196	0.0
211.0	31.49942787754244	22.18200499731453	19.06218620834598	27.256380916797045	0.0
212.0	33.970719346816196	18.31213927079912	20.320491764816293	27.396649617568393	0.0
213.0	30.275899441604032	19.824234856160025	23.466767193647954	26.43309850858799	0.0
214.0	30.332134746404236	20.87906888720666	21.88682816048448	26.90196820590462	0.0
215.0	29.399187513363266	21.001116575202527	22.880288884137506	26.7194070272967	0.0
216.0	26.64994026284349	20.881720430107528	22.48267622461171	29.985663082437274	0.0
217.0	30.303612605687935	21.65161414296695	19.129515757109917	28.915257494235203	0.0
218.0	28.90417571807869	26.652184407434227	19.676562877142167	24.76707699734492	0.0
219.0	28.80887098730983	22.24298158348094	19.993691310994105	28.954456118215127	0.0
220.0	28.99314450218351	22.193759301275954	18.30247139476445	30.51062480177609	0.0
221.0	30.652291369910113	20.90721548209637	20.848273490839432	27.592219657154082	0.0
222.0	32.96863423067424	21.180538404544333	19.105952086935048	26.74487527784638	0.0
223.0	28.6111801242236	22.593788819875776	21.026086956521738	27.768944099378885	0.0
224.0	28.967846866007758	19.71475040660578	22.719879894908043	28.59752283247842	0.0
225.0	27.89437679573129	25.915993980024627	20.25721712956629	25.932412094677794	0.0
226.0	28.2283317532822	19.118618748024936	23.706512683501394	28.946536815191475	0.0
227.0	27.40540872018152	25.035260930888576	20.28576684859263	27.27356350033728	0.0
228.0	26.367505319814743	21.22606083364626	19.4298410314182	32.97659281512079	0.0
229.0	29.893120677674467	22.222957546077232	23.596174845306244	24.28774693094206	0.0
230.0	28.336145798177526	20.600742490718865	23.89132635842052	27.17178535268309	0.0
231.0	28.014633459969048	18.18981286056001	22.080343323483888	31.715210355987054	0.0
232.0	23.62242277496515	21.854134565998972	22.36774524910118	32.155697409934696	0.0
233.0	27.795308519940694	20.36269627038741	20.123179865414592	31.71881534425731	0.0
234.0	28.27846735024285	20.125664944877034	22.827846735024284	28.768020969855833	0.0
235.0	30.59648005096759	19.57075734649996	20.653818587242174	29.178944015290277	0.0
236.0	28.47895122547024	21.586190049670222	20.71085416497028	29.22400455988926	0.0
237.0	34.541417019315375	19.939665647127832	17.262328738425442	28.256588595131355	0.0
238.0	28.675081573072298	22.376781727631805	21.629744118152157	27.31839258114374	0.0
239.0	27.92494481236203	23.758278145695364	22.052060338484182	26.264716703458426	0.0
240.0	24.32483297261692	21.20542015620589	23.43088359838148	31.03886327279571	0.0
241.0	28.284494469241217	21.75431787308364	21.807684843780322	28.15350281389482	0.0
242.0	24.111460046857086	20.891281591147003	21.160460595184688	33.83679776681123	0.0
243.0	25.31091905564924	18.75	25.685075885328835	30.25400505902192	0.0
244.0	29.435699753720957	18.28354213513224	24.12999250455081	28.150765606595996	0.0
245.0	26.132521974306965	25.704304710389902	21.095334685598377	27.067838629704756	0.0
246.0	30.312086901546063	22.07598137824013	18.868900511523652	28.743031208690155	0.0
247.0	29.901870024069616	25.32864284391779	20.90353638215145	23.86595074986114	0.0
248.0	28.55448757957808	23.336662089626763	22.48782923480215	25.621021095993008	0.0
249.0	28.777844671884406	20.797377751020136	23.948090173255736	26.476687403839723	0.0
250.0	24.720805184061767	23.086998483386186	26.4097614780091	25.782434854542945	0.0
